0 0.410938 0.434259 0.026042 0.048148
0 0.438542 0.435648 0.029167 0.080556
0 0.414844 0.227315 0.024479 0.041667
0 0.320052 0.253704 0.039062 0.051852
0 0.524479 0.040278 0.048958 0.076852
0 0.554167 0.517593 0.023958 0.037037
0 0.547656 0.641204 0.058854 0.086111
0 0.473438 0.652778 0.096875 0.094444
0 0.509896 0.755093 0.023958 0.032407
0 0.513021 0.834259 0.062500 0.090741
0 0.598177 0.927315 0.022396 0.030556
0 0.616146 0.916667 0.019792 0.055556
0 0.686198 0.412500 0.044271 0.097222
0 0.702344 0.933333 0.042188 0.074074
0 0.669792 0.954167 0.046875 0.073148
