0 0.527865 0.400000 0.018229 0.033333
1 0.405469 0.248148 0.013021 0.118519
1 0.407813 0.274074 0.063542 0.035185
1 0.442969 0.106944 0.045312 0.021296
1 0.432031 0.058796 0.034896 0.015741
1 0.398177 0.822222 0.019271 0.059259
1 0.398438 0.643519 0.012500 0.140741
1 0.393750 0.630093 0.072917 0.037963
1 0.402865 0.371759 0.010937 0.037963
1 0.506771 0.310648 0.045833 0.049074
1 0.388281 0.953704 0.058854 0.018519
1 0.391927 0.903704 0.010937 0.090741
2 0.490365 0.178241 0.031771 0.076852
2 0.466146 0.409722 0.012500 0.095370
2 0.517969 0.541667 0.018229 0.066667
