3 0.278646 0.051852 0.038542 0.090741
3 0.285156 0.166667 0.038021 0.109259
3 0.295312 0.268519 0.031250 0.064815
0 0.314323 0.311574 0.035937 0.082407
3 0.302344 0.412037 0.039062 0.092593
3 0.295312 0.561574 0.067708 0.186111
1 0.349219 0.394444 0.039062 0.090741
1 0.335417 0.450463 0.036458 0.026852
1 0.352865 0.502778 0.025521 0.075926
1 0.380990 0.502778 0.023438 0.098148
1 0.353906 0.589352 0.017188 0.084259
1 0.336198 0.494444 0.027604 0.014815
1 0.278125 0.681481 0.029167 0.085185
1 0.275781 0.781481 0.033854 0.088889
1 0.279427 0.882870 0.041146 0.095370
1 0.323177 0.791204 0.053646 0.082407
1 0.353906 0.696296 0.017188 0.105556
1 0.411458 0.687500 0.034375 0.108333
1 0.380208 0.696759 0.019792 0.086111
1 0.373698 0.820833 0.036979 0.106481
1 0.357552 0.931944 0.013021 0.115741
1 0.263802 0.937037 0.020313 0.088889
1 0.319010 0.681481 0.032813 0.094444
2 0.497656 0.116667 0.028646 0.062963
2 0.503906 0.619444 0.045312 0.070370
