0 0.651042 0.361111 0.082292 0.137037
2 0.597917 0.255556 0.046875 0.109259
3 0.805990 0.485648 0.055729 0.134259
3 0.769792 0.365741 0.057292 0.111111
3 0.721354 0.225463 0.055208 0.125000
2 0.675781 0.107407 0.035937 0.075926
2 0.823698 0.777778 0.070312 0.101852
2 0.798177 0.633796 0.069271 0.106481
1 0.718229 0.477315 0.041667 0.082407
1 0.757031 0.480556 0.039062 0.070370
1 0.738281 0.541667 0.066146 0.037037
1 0.325260 0.150000 0.018229 0.138889
1 0.345573 0.177315 0.039062 0.036111
1 0.375000 0.164352 0.017708 0.078704
1 0.350260 0.324537 0.022396 0.167593
1 0.322396 0.324074 0.022917 0.166667
1 0.325781 0.454167 0.022396 0.082407
1 0.830729 0.882870 0.053125 0.076852
