0 0.386719 0.323611 0.052604 0.130556
0 0.390365 0.682870 0.043229 0.163889
2 0.346615 0.106019 0.033854 0.189815
1 0.471094 0.672685 0.018229 0.162037
1 0.473958 0.174074 0.019792 0.153704
1 0.457292 0.354167 0.027083 0.160185
1 0.454427 0.513426 0.019271 0.093519
1 0.441927 0.665741 0.023438 0.179630
1 0.421094 0.449537 0.015104 0.136111
1 0.430729 0.299074 0.032292 0.122222
1 0.446615 0.177778 0.019271 0.088889
1 0.449479 0.861111 0.015625 0.100000
1 0.397135 0.837037 0.009896 0.040741
3 0.773698 0.833796 0.028646 0.136111
1 0.466667 0.042593 0.013542 0.072222
