0 0.421094 0.789815 0.049479 0.177778
2 0.374479 0.605556 0.026042 0.125926
2 0.375000 0.470833 0.025000 0.117593
2 0.383073 0.272222 0.032813 0.175926
2 0.385417 0.082870 0.037500 0.119444
2 0.371354 0.782407 0.031250 0.164815
1 0.486979 0.130093 0.021875 0.126852
1 0.500781 0.275000 0.020313 0.129630
1 0.505729 0.435185 0.015625 0.174074
1 0.513021 0.595370 0.022917 0.124074
1 0.503906 0.753241 0.021354 0.182407
1 0.477604 0.731019 0.026042 0.134259
1 0.490104 0.907870 0.008333 0.104630
1 0.457031 0.921759 0.016146 0.123148
1 0.416667 0.381019 0.014583 0.087963
1 0.415885 0.247685 0.015104 0.115741
1 0.430469 0.142130 0.021354 0.058333
2 0.425000 0.571296 0.026042 0.151852
1 0.716667 0.242130 0.015625 0.078704
