0 0.506771 0.439352 0.067708 0.119444
2 0.514062 0.339352 0.037500 0.075000
2 0.464844 0.157870 0.051562 0.117593
2 0.445052 0.325926 0.055729 0.087037
3 0.764844 0.449074 0.033854 0.092593
3 0.768229 0.557870 0.034375 0.089815
3 0.771615 0.669444 0.028646 0.079630
3 0.779948 0.775926 0.031771 0.070370
1 0.498177 0.731019 0.021354 0.152778
1 0.419271 0.808796 0.016667 0.152778
1 0.397656 0.749074 0.021354 0.125926
1 0.410156 0.532870 0.024479 0.058333
1 0.415104 0.425463 0.026042 0.100926
1 0.442448 0.441667 0.017188 0.092593
1 0.433333 0.043981 0.026042 0.069444
3 0.345573 0.365278 0.026562 0.110185
3 0.341927 0.500463 0.023438 0.128704
3 0.346094 0.637037 0.038021 0.112963
3 0.345573 0.764352 0.036979 0.110185
3 0.343750 0.889352 0.054167 0.126852
2 0.385417 0.347222 0.045833 0.120370
2 0.452083 0.245833 0.062500 0.054630
1 0.461719 0.924074 0.018229 0.116667
2 0.464062 0.536574 0.065625 0.069444
