0 0.633594 0.425463 0.065104 0.097222
0 0.475521 0.307870 0.058333 0.087963
0 0.516667 0.106944 0.031250 0.073148
0 0.478125 0.237037 0.016667 0.027778
0 0.504687 0.159722 0.026042 0.023148
0 0.497396 0.204167 0.011458 0.019444
3 0.689063 0.416667 0.035417 0.120370
3 0.680208 0.197222 0.043750 0.098148
1 0.300521 0.567593 0.019792 0.150000
1 0.303385 0.725000 0.019271 0.105556
1 0.333594 0.742130 0.017188 0.110185
1 0.313802 0.907407 0.034896 0.118519
1 0.306771 0.387037 0.028125 0.150000
2 0.325521 0.247222 0.038542 0.087037
2 0.390365 0.318519 0.055729 0.061111
2 0.428646 0.156944 0.058333 0.082407
0 0.558854 0.389352 0.014583 0.026852
0 0.575521 0.382870 0.011458 0.032407
2 0.560417 0.520833 0.054167 0.104630
2 0.529427 0.445833 0.101562 0.045370
2 0.541667 0.301389 0.056250 0.065741
2 0.572917 0.204630 0.035417 0.066667
0 0.513021 0.025000 0.016667 0.027778
