0 0.411198 0.222222 0.017188 0.038889
0 0.520833 0.043981 0.042708 0.069444
0 0.540104 0.626389 0.058333 0.093519
0 0.548698 0.512963 0.018229 0.031481
0 0.443229 0.440278 0.020833 0.047222
0 0.409115 0.440278 0.027604 0.043519
0 0.508594 0.827315 0.067187 0.108333
0 0.508333 0.756481 0.018750 0.042593
0 0.599219 0.926389 0.019271 0.054630
0 0.616667 0.915278 0.020833 0.043519
2 0.678906 0.954630 0.073438 0.090741
2 0.543490 0.398611 0.023438 0.104630
2 0.363021 0.215741 0.032292 0.040741
2 0.308854 0.245833 0.025000 0.039815
2 0.377604 0.311111 0.040625 0.092593
2 0.432552 0.292130 0.045312 0.075000
1 0.465885 0.667130 0.066146 0.056481
1 0.338542 0.398611 0.023958 0.095370
2 0.329948 0.308333 0.036979 0.057407
2 0.357552 0.510648 0.046354 0.100926
2 0.342708 0.756481 0.042708 0.101852
1 0.330208 0.887500 0.017708 0.117593
1 0.561198 0.264352 0.017188 0.065741
2 0.581510 0.836574 0.054688 0.058333
2 0.604167 0.696296 0.042708 0.125926
3 0.686458 0.393981 0.046875 0.136111
3 0.680729 0.250463 0.045833 0.130556
