0 0.358333 0.405093 0.042708 0.086111
0 0.550000 0.391204 0.038542 0.071296
0 0.569010 0.355093 0.017188 0.034259
0 0.548438 0.530093 0.063542 0.089815
0 0.453125 0.914815 0.069792 0.081481
2 0.578906 0.677315 0.077604 0.175000
2 0.664844 0.528704 0.104688 0.055556
2 0.460156 0.091667 0.051562 0.135185
2 0.625260 0.265741 0.058854 0.087037
2 0.394531 0.224074 0.027604 0.055556
2 0.396094 0.095370 0.059896 0.155556
2 0.408333 0.402778 0.033333 0.083333
2 0.451042 0.247685 0.060417 0.126852
2 0.380990 0.309259 0.049479 0.074074
3 0.741927 0.633796 0.033854 0.119444
2 0.390625 0.923148 0.021875 0.077778
0 0.367448 0.949537 0.022396 0.052778
