0 0.676302 0.472222 0.041146 0.094444
3 0.754687 0.542593 0.048958 0.148148
3 0.733854 0.374074 0.052083 0.166667
2 0.736979 0.170370 0.058333 0.212963
2 0.666927 0.360648 0.081771 0.045370
2 0.665365 0.159259 0.079687 0.074074
0 0.741927 0.839352 0.024479 0.060185
1 0.356510 0.582407 0.011979 0.107407
1 0.379427 0.574074 0.016146 0.094444
1 0.376302 0.788426 0.017188 0.082407
1 0.383594 0.695370 0.020313 0.064815
1 0.366146 0.687963 0.011458 0.059259
1 0.354948 0.683796 0.009896 0.052778
0 0.417969 0.516204 0.017188 0.030556
1 0.421615 0.733796 0.017188 0.145370
1 0.391406 0.616204 0.016146 0.080556
2 0.382031 0.279167 0.036979 0.065741
2 0.661979 0.062963 0.041667 0.068519
2 0.434375 0.447222 0.072917 0.079630
2 0.675000 0.637963 0.052083 0.116667
