0 0.400000 0.622222 0.079167 0.129630
0 0.417708 0.785185 0.068750 0.188889
0 0.368229 0.341204 0.032292 0.078704
0 0.552083 0.358796 0.025000 0.043519
0 0.561198 0.404167 0.021354 0.037963
0 0.611458 0.711574 0.041667 0.050926
0 0.577865 0.475463 0.034896 0.052778
0 0.594792 0.544444 0.032292 0.051852
3 0.679427 0.492130 0.091146 0.078704
3 0.648698 0.377315 0.053646 0.145370
3 0.635156 0.176852 0.034896 0.120370
3 0.655990 0.061111 0.039062 0.109259
3 0.655469 0.265741 0.033854 0.083333
1 0.745573 0.729630 0.028646 0.137037
1 0.707292 0.627778 0.041667 0.155556
1 0.672135 0.559259 0.014063 0.087037
1 0.661719 0.612963 0.059896 0.046296
1 0.615104 0.603241 0.028125 0.050926
1 0.632552 0.651389 0.019271 0.080556
1 0.619271 0.381944 0.020833 0.113889
1 0.571354 0.210648 0.027083 0.115741
1 0.560937 0.265278 0.015625 0.075000
0 0.559115 0.306481 0.057813 0.055556
0 0.470052 0.091667 0.034896 0.051852
0 0.401823 0.097685 0.030729 0.036111
0 0.554688 0.056944 0.028125 0.093519
0 0.458594 0.348148 0.079687 0.085185
0 0.341406 0.403241 0.022396 0.037963
3 0.179167 0.216667 0.048958 0.175926
1 0.615365 0.062963 0.042188 0.103704
1 0.236458 0.931481 0.018750 0.064815
0 0.463542 0.237500 0.027083 0.036111
0 0.424740 0.483796 0.074479 0.136111
