0 0.540365 0.681481 0.031771 0.044444
0 0.610417 0.718981 0.037500 0.063889
0 0.635417 0.736574 0.040625 0.084259
0 0.359635 0.172685 0.028646 0.045370
0 0.408594 0.191667 0.039062 0.046296
0 0.584115 0.022222 0.089063 0.042593
0 0.479167 0.708796 0.032292 0.063889
0 0.476042 0.892130 0.029167 0.039815
0 0.535417 0.859722 0.016667 0.039815
0 0.557292 0.891667 0.033333 0.057407
0 0.607812 0.809259 0.030208 0.046296
0 0.657552 0.843519 0.035937 0.127778
0 0.646354 0.614815 0.033333 0.051852
2 0.629948 0.369907 0.064062 0.121296
2 0.654427 0.487500 0.039062 0.093519
2 0.596875 0.492593 0.062500 0.142593
2 0.517708 0.546296 0.078125 0.127778
1 0.633594 0.110185 0.021354 0.092593
1 0.619531 0.161111 0.027604 0.162963
1 0.597917 0.171759 0.019792 0.149074
1 0.473438 0.281019 0.018750 0.141667
1 0.503646 0.125463 0.042708 0.086111
1 0.556250 0.087963 0.052083 0.037037
1 0.548958 0.091667 0.017708 0.116667
1 0.587760 0.400926 0.020313 0.112963
1 0.581771 0.520833 0.030208 0.087963
3 0.736198 0.662963 0.051562 0.185185
3 0.692708 0.274074 0.042708 0.155556
