0 0.431250 0.566667 0.079167 0.107407
3 0.677344 0.616204 0.081771 0.063889
3 0.388021 0.102315 0.044792 0.104630
3 0.429688 0.035185 0.055208 0.068519
3 0.740625 0.112963 0.093750 0.074074
2 0.632552 0.058333 0.086979 0.098148
2 0.576562 0.162500 0.051042 0.102778
1 0.631771 0.715741 0.108333 0.109259
1 0.704427 0.777315 0.024479 0.184259
1 0.721875 0.787037 0.028125 0.177778
1 0.738542 0.710185 0.015625 0.101852
0 0.569271 0.723611 0.020833 0.100926
1 0.571875 0.861574 0.030208 0.104630
1 0.573958 0.951389 0.020833 0.095370
0 0.733594 0.937963 0.030729 0.068519
0 0.453125 0.795370 0.029167 0.042593
0 0.502344 0.810648 0.044271 0.058333
2 0.503646 0.681019 0.087500 0.084259
