3 0.299740 0.402315 0.034896 0.102778
3 0.306771 0.490741 0.039583 0.085185
3 0.290104 0.586574 0.021875 0.097222
1 0.323177 0.268056 0.027604 0.056481
1 0.605208 0.425463 0.019792 0.097222
1 0.637500 0.039815 0.020833 0.057407
1 0.628385 0.185185 0.016146 0.112963
2 0.592448 0.071759 0.055729 0.078704
2 0.614323 0.557870 0.059896 0.171296
2 0.536458 0.802778 0.053125 0.027778
2 0.556250 0.768056 0.031250 0.069444
2 0.580208 0.684722 0.039583 0.084259
2 0.640885 0.681944 0.055729 0.093519
2 0.623177 0.832870 0.044271 0.162037
1 0.627604 0.319444 0.037500 0.085185
1 0.448958 0.905093 0.031250 0.117593
1 0.451562 0.840741 0.108333 0.029630
