0 0.675781 0.468056 0.046354 0.110185
0 0.447917 0.109259 0.019792 0.033333
0 0.442448 0.164815 0.019271 0.025926
0 0.378906 0.369444 0.022396 0.042593
0 0.384896 0.688889 0.018750 0.042593
3 0.288542 0.781944 0.044792 0.115741
3 0.289062 0.923611 0.043750 0.152778
0 0.598177 0.182870 0.036979 0.032407
0 0.644271 0.204167 0.019792 0.043519
2 0.635938 0.090741 0.046875 0.114815
1 0.544792 0.826852 0.012500 0.183333
1 0.545833 0.692593 0.010417 0.072222
1 0.520312 0.462963 0.022917 0.081481
1 0.557031 0.200000 0.023438 0.053704
1 0.548698 0.028241 0.013021 0.054630
1 0.396615 0.269444 0.023438 0.038889
1 0.408854 0.234722 0.038542 0.043519
1 0.663542 0.667130 0.043750 0.113889
1 0.663542 0.968056 0.016667 0.063889
1 0.654427 0.882407 0.018229 0.103704
