0 0.459635 0.562500 0.047396 0.039815
0 0.406250 0.463426 0.023958 0.045370
0 0.375781 0.479630 0.031771 0.051852
1 0.594792 0.762963 0.016667 0.144444
1 0.590625 0.895833 0.018750 0.076852
1 0.612240 0.900463 0.014063 0.126852
1 0.512240 0.851852 0.009896 0.053704
1 0.499479 0.948148 0.012500 0.077778
2 0.595052 0.612963 0.063021 0.088889
2 0.582031 0.459259 0.050521 0.103704
1 0.551823 0.158796 0.019271 0.047222
1 0.603125 0.053241 0.016667 0.062037
1 0.533594 0.069444 0.014063 0.074074
2 0.608073 0.178704 0.048438 0.142593
2 0.588281 0.332870 0.032813 0.093519
2 0.537500 0.310648 0.042708 0.093519
2 0.532292 0.215741 0.056250 0.085185
2 0.533073 0.449074 0.039062 0.122222
1 0.285938 0.353704 0.026042 0.101852
