0 0.608333 0.361574 0.019792 0.065741
1 0.602083 0.697222 0.018750 0.150000
1 0.628906 0.718981 0.014063 0.199074
1 0.616927 0.711574 0.029687 0.025000
1 0.524219 0.644907 0.015104 0.128704
1 0.524219 0.742593 0.023438 0.050000
1 0.518750 0.492130 0.028125 0.100926
1 0.530208 0.305556 0.040625 0.103704
1 0.613281 0.191667 0.022396 0.092593
1 0.614062 0.062963 0.015625 0.070370
1 0.570312 0.031019 0.012500 0.060185
2 0.602865 0.455093 0.058854 0.082407
2 0.597917 0.554167 0.052083 0.076852
2 0.313281 0.255093 0.026562 0.136111
2 0.257292 0.437963 0.026042 0.168519
2 0.239063 0.669907 0.022917 0.150926
