0 0.439063 0.393056 0.046875 0.115741
3 0.446094 0.284259 0.028646 0.116667
3 0.442188 0.177778 0.044792 0.107407
3 0.425521 0.068056 0.041667 0.134259
1 0.469271 0.283796 0.033333 0.026852
1 0.476823 0.264815 0.034896 0.150000
1 0.503646 0.310648 0.026042 0.100926
1 0.484896 0.421759 0.017708 0.141667
1 0.483333 0.546296 0.025000 0.131481
1 0.442969 0.590741 0.050521 0.109259
1 0.433073 0.536574 0.016146 0.106481
1 0.518229 0.501389 0.017708 0.097222
1 0.488281 0.660185 0.020313 0.098148
1 0.488542 0.822222 0.010417 0.196296
1 0.417969 0.720370 0.016146 0.116667
1 0.432031 0.891667 0.027604 0.155556
1 0.438021 0.885648 0.065625 0.115741
3 0.773698 0.377315 0.045312 0.104630
1 0.413021 0.483796 0.021875 0.049074
