0 0.509115 0.310185 0.056771 0.081481
0 0.535156 0.168519 0.040104 0.088889
0 0.544271 0.092130 0.021875 0.032407
0 0.634635 0.404630 0.063021 0.088889
0 0.578125 0.385648 0.016667 0.036111
0 0.588542 0.376389 0.019792 0.037963
0 0.460417 0.041667 0.017708 0.057407
0 0.435156 0.037500 0.022396 0.028704
2 0.386458 0.412500 0.037500 0.073148
2 0.564844 0.442593 0.058854 0.061111
2 0.472396 0.430093 0.037500 0.045370
1 0.374219 0.530093 0.016146 0.134259
1 0.387500 0.771296 0.026042 0.124074
3 0.660937 0.246759 0.031250 0.167593
3 0.658854 0.108333 0.028125 0.092593
3 0.651302 0.043981 0.044271 0.086111
