0 0.338542 0.183333 0.039583 0.088889
0 0.492448 0.288426 0.060937 0.084259
0 0.511458 0.402315 0.067708 0.125000
0 0.495052 0.168981 0.048438 0.076852
0 0.451562 0.766667 0.031250 0.059259
0 0.423177 0.762963 0.022396 0.033333
0 0.538802 0.829630 0.019271 0.046296
0 0.535156 0.926389 0.064062 0.104630
0 0.343750 0.599537 0.023958 0.052778
2 0.401562 0.571296 0.072917 0.061111
3 0.651563 0.704167 0.043750 0.169444
3 0.642188 0.542593 0.030208 0.127778
3 0.648438 0.397685 0.030208 0.128704
3 0.630729 0.079630 0.031250 0.090741
3 0.636979 0.193056 0.035417 0.108333
1 0.552344 0.608796 0.027604 0.069444
2 0.405729 0.680556 0.062500 0.103704
