3 0.669271 0.076389 0.043750 0.119444
3 0.692969 0.560648 0.048438 0.158333
3 0.690885 0.703241 0.052604 0.110185
3 0.694010 0.814352 0.044271 0.093519
0 0.509115 0.085185 0.083854 0.144444
2 0.533333 0.194907 0.050000 0.054630
0 0.502865 0.395833 0.021354 0.060185
2 0.620313 0.384259 0.021875 0.083333
0 0.461458 0.443981 0.032292 0.067593
0 0.463542 0.647685 0.014583 0.049074
2 0.466667 0.523148 0.051042 0.070370
0 0.490365 0.748611 0.035937 0.069444
2 0.515365 0.893519 0.034896 0.094444
1 0.389062 0.087963 0.078125 0.053704
1 0.368490 0.249537 0.056771 0.073148
1 0.612760 0.525926 0.053646 0.105556
